"species","x","y","hrb_ht","nonnativ","plant","wt_g"
"species",1,1,17,61,74,12
"species",2,2,12.75,89,111,31
"species",3,3,6.5,96,98,12.5
"species",4,4,7,97,99,13.5
"species",5,5,11.5,93,96,26.5
"species",6,6,14,94,96,21
"species",7,7,22,56,81,24.5
"species",8,8,12.75,81,81,26.5
"species",9,9,12,70,92,35.5
"species",10,10,10.5,74,79,16
"species",11,11,7.5,64,66,13
"species",12,12,7,91,91,11.5
"species",13,13,9.5,59,60,17.5
"species",14,14,11.25,125,126,15
"species",15,15,10.5,97,97,39.5
"species",16,16,12.25,89,95,17.5
"species",17,17,16.75,38,103,6.5
"species",18,18,7,59,121,17.5
