"species","x","y","as","ca_mgl","fe","mo","ph","rel_infil","soil_txtr","sr","zn"
"background",1,1,0.232139754487476,12.0329027120747,106.47299723445,0.0422114641413278,5.9,3,4,2.55891914451136,2.53054304834119
"background",2,2,0.240465231557985,10.7538522205422,201.885618579564,0.0210793862017693,5.71,4,4,2.85709656757878,1.07673063363556
"background",3,3,0.198052728403903,9.24558032275894,43.3788268161731,0.0267309585194992,6,2,4,3.4207031589772,0.932820810060182
"background",4,4,0.235441300762158,23.4326854475854,262.867836602785,0.0227625645962847,5.48,1,4,2.27905179602072,1.5007540078923
"background",5,5,0.171462657195372,16.3979994141641,17.9100429144216,0.0443998429379363,5.94,3,2,2.26919850146521,3.12858759655539
"background",6,6,0.151586586298726,12.4697124584197,70.2929758703828,0.058277261501983,5.73,2,4,3.76175973342095,1.12333790685322
"background",7,7,0.325998895968356,12.9255071859523,95.3291522029592,0.0175931834138627,5.62,4,4,4.02332361469115,0.856370877624007
"background",8,8,0.205073324244661,7.01266655075989,110.258998630591,0.0147095016950191,5.86,4,4,3.52355252099381,1.0198009340872
"background",9,9,0.137850400967956,11.376774426628,89.6611412892899,0.0559487905283791,5.95,2,4,2.13486717856887,1.8187641000026
"background",10,10,0.256329827641209,23.9199597294681,39.7324912215535,0.0407034970509511,6.11,3,2,1.67709031893416,3.79713051911385
"background",11,11,0.27174760865139,41.0752467216731,91.4513618826466,0,6.17,4,4,4.0715112182056,1.64493038338762
"background",12,12,0.21199723397659,7.84247849495504,87.059984191317,0.0272114232031819,5.75,3,4,3.87301338830571,1.55077315010865
"background",13,13,0.0308353424803901,32.2000267812669,7.72303633638286,0.0389482319131167,7.69,4,1,2.60545220339856,0.61677092606363
"background",14,14,0.181222814910626,17.0887681468668,43.5573311215907,0.0219970325883448,5.7,4,1,2.81463711294306,2.88695323865018
"background",15,15,0.170764180809455,14.2781756783294,141.148545310713,0.0410624016566983,5.87,2,4,1.89324949762633,2.08152488254942
"background",16,16,0.0307783585250306,21.4100848751557,40.9258966887142,0.0613557646240164,5.99,4,3,0.674994392389596,8.2759269055545
"background",17,17,0.0319314730273963,27.3842098591162,60.6077956475128,0.0743270303847469,6.23,2,3,1.27864733828325,9.06123566930685
