"species","x","y","as","ca_mgl","fe","mo","ph","rel_infil","soil_txtr","sr","zn"
"species",1,1,0.144450398952881,16.7519677278115,31.6989721180357,0.0338570010904741,5.88,2,4,2.32352861948164,0.853117227577778
"species",2,2,0.252342638002268,10.7895302504091,141.30914425104,0.0163466295626484,5.86,4,4,3.24309523275375,3.00432320594871
"species",3,3,0.162903891295842,9.8972655391403,59.4614898154022,0.0163206958922262,5.8,3,4,2.95513114578684,0.825242697297132
"species",4,4,0.160854469162392,14.014189567953,49.181809830562,0.0468388934242561,6.22,4,4,2.37722535780463,0.443955722899061
"species",5,5,0.218112108105358,12.4653082408688,160.534843897047,0.0149838112853384,5.6,4,4,2.89275252062737,2.28775246683351
"species",6,6,0.119801702908885,8.47950731521978,116.57159906458,0.0160501865098455,5.41,1,4,1.92570332848248,0.432701527549097
"species",7,7,0.121240594113305,13.2884237033765,68.922581821398,0.0185611308216627,6.09,1,4,2.51837813676517,0.461259468448167
"species",8,8,0.111939538005529,11.6640483605571,106.763809431608,0.029025050866195,5.66,1,4,1.73675526130989,0.678115875244153
"species",9,9,0.133832939758395,6.1113414513147,113.704362166457,0.016038060482558,5.7,2,4,1.90886769910293,0.394748380934766
"species",10,10,0.169393135832897,9.35595883119078,75.4411556499635,0.0204547345218278,5.6,2,4,2.56060409792291,0.707692290382684
"species",11,11,0.179648467746276,14.3074431934392,114.395268395782,0.0456209161846648,5.72,1,4,2.62268093589153,0.77304526948085
"species",12,12,0.0802815047051069,11.9430429382744,76.7915324101608,0.0313986486385294,5.97,1,4,1.63355994159039,0.547069161695606
"species",13,13,0.0766305290916209,12.6908971402189,77.2109465117498,0.0414826560044381,5.82,1,4,2.84639128392068,2.34748510178038
"species",14,14,0.200764024734947,7.41686467816676,51.9389353707339,0.0133439908571425,5.78,2,4,3.45382610674042,0.601974107597152
"species",15,15,0.175903523783332,9.41105976420996,80.0475414145856,0.0519352104682823,5.81,4,4,2.42810230317614,1.12967796480346
